 no.   potMinima
1  0.0000000000000 0.0000000000000 0.3826834323651 0.9238795325113
2  0.0000000000000 0.0000000000000 0.9238795325113 0.3826834323651
3  0.2778159334694-0.1150751274864 0.3649716762171 0.8811195706054
4  0.1150751274864-0.2778159334694 0.8811195706054 0.3649716762171
5  0.4266000929333-0.1767035442026 0.3394443501857 0.8194911538891
6  0.4577982898384 0.0602702882485 0.7037130073765 0.5399779823518
7  0.4266000929333 0.1767035442026 0.8194911538891 0.3394443501857
8  0.4577982898384-0.0602702882485 0.5399779823518 0.7037130073765
 Dot pdt b/w   Angle in deg  costheta
12     90.0000000000000  0.0000000000000
13     35.0000000000000  0.8191520442890
14     95.1879986874021 -0.0904239778555
15     55.0000000000000  0.5735764363510
16     79.6196199703564  0.1801823272633
17     **************** -0.2132117818245
18     62.0846346242842  0.4681668025138
23     95.1879986874021 -0.0904239778555
24     35.0000000000000  0.8191520442890
25     **************** -0.2132117818245
26     62.0846346242842  0.4681668025138
27     55.0000000000000  0.5735764363510
28     79.6196199703564  0.1801823272633
34     90.0000000000000  0.0000000000000
35     20.0000000000000  0.9396926207859
36     62.9498977783710  0.4547694655894
37     91.7279410723505 -0.0301536896070
38     35.9277202596627  0.8097578529599
45     91.7279410723505 -0.0301536896070
46     62.9058601277835  0.4554538551989
47     64.4507107272212  0.4312873955165
48     73.3481973471308  0.2865546956938
56     60.0000000000000  0.5000000000000
57     90.0000000000000  0.0000000000000
58     30.0000000000000  0.8660254037844
67     30.0000000000000  0.8660254037844
68     30.0000000000000  0.8660254037844
78     60.0000000000000  0.5000000000000
